t,15,30,45,60,75,90,105,120,135
0.01,25.806602946647455,26.186292825571343,28.69866506811501,34.50416134833283,33.94847101849209,32.36481978041654,29.644518543997968,32.462782050854194,31.713448775868024
0.021,12.288858546022597,12.469663250272067,13.666030984816672,16.430553023015634,16.16593858023433,15.411818943055493,14.116437401903795,15.458467643263901,15.101642274222868
0.031,8.324710627950791,8.447191234055271,9.257633892940326,11.130374628494463,10.951119683384546,10.440264445295657,9.562747917418701,10.471865177694902,10.23014476640904
0.042,6.144429273011299,6.234831625136033,6.833015492408336,8.215276511507817,8.082969290117164,7.705909471527747,7.0582187009518975,7.729233821631951,7.550821137111434
0.052,4.962808258970665,5.0358255433791035,5.51897405156058,6.63541564391016,6.528552118940787,6.224003803926257,5.70086895076884,6.242842702087346,6.0987401492053905
0.063,4.096286182007533,4.156554416757356,4.555343661605558,5.476851007671878,5.388646193411444,5.137272981018498,4.705479133967931,5.152822547754635,5.03388075807429
0.073,3.5351510885818436,3.5871634007631976,3.9313239819335637,4.7265974449771,4.650475481985219,4.4335369562214435,4.060892951232599,4.446956445322494,4.344308051488771
0.083,3.109229270680416,3.1549750392254623,3.4576704901343387,4.157127873293112,4.090177231143625,3.8993758771586187,3.5716287402407194,3.911178560343879,3.820897442875666
0.104,2.4814041294853326,2.5179127716895517,2.75948702578029,3.31770782195508,3.2642760594703937,3.1120019019631284,2.85043447538442,3.121421351043673,3.0493700746026953
0.125,2.0645282357317964,2.094903426045707,2.295893205449201,2.7603329078666263,2.7158776814793675,2.589185582433323,2.3715614835198378,2.597022564068336,2.537075902069442
0.167,1.545305565667512,1.568041486561158,1.7184829382104796,2.066117446007954,2.0328425759576105,1.9380131605039843,1.7751208708980821,1.943879164721808,1.8990089087346123
0.208,1.2407020647426663,1.2589563858447759,1.379743512890145,1.65885391097754,1.6321380297351968,1.5560009509815642,1.42521723769221,1.5607106755218365,1.5246850373013476
0.25,1.0322641178658982,1.0474517130228536,1.1479466027246006,1.3801664539333132,1.3579388407396837,1.2945927912166615,1.1857807417599189,1.298511282034168,1.268537951034721
0.375,0.6881760785772654,0.6983011420152357,0.7652977351497336,0.9201109692888756,0.9052925604931226,0.8630618608111076,0.7905204945066125,0.8656741880227786,0.8456919673564807
0.5,0.5161320589329491,0.5237258565114268,0.5739733013623003,0.6900832269666566,0.6789694203698419,0.6472963956083307,0.5928903708799594,0.649255641017084,0.6342689755173605
1.0,0.25806602946647456,0.2618629282557134,0.28698665068115015,0.3450416134833283,0.33948471018492093,0.32364819780416537,0.2964451854399797,0.324627820508542,0.31713448775868025
1.5,0.17204401964431634,0.17457528550380894,0.1913244337874334,0.2300277423222189,0.22632314012328064,0.2157654652027769,0.19763012362665314,0.21641854700569466,0.21142299183912017
2.0,0.12903301473323728,0.1309314641278567,0.14349332534057507,0.17252080674166415,0.16974235509246047,0.16182409890208269,0.14822259271998986,0.162313910254271,0.15856724387934013
3.0,0.08602200982215817,0.08728764275190447,0.0956622168937167,0.11501387116110945,0.11316157006164032,0.10788273260138845,0.09881506181332657,0.10820927350284733,0.10571149591956008
4.0,0.06451650736661864,0.06546573206392835,0.07174666267028754,0.08626040337083207,0.08487117754623023,0.08091204945104134,0.07411129635999493,0.0811569551271355,0.07928362193967006
5.0,0.051613205893294906,0.05237258565114268,0.057397330136230024,0.06900832269666567,0.06789694203698418,0.06472963956083308,0.05928903708799594,0.0649255641017084,0.06342689755173606
10.0,0.025806602946647453,0.02618629282557134,0.028698665068115012,0.03450416134833283,0.03394847101849209,0.03236481978041654,0.02964451854399797,0.0324627820508542,0.03171344877586803
15.0,0.017204401964431636,0.017457528550380894,0.01913244337874334,0.023002774232221888,0.022632314012328063,0.02157654652027769,0.019763012362665314,0.021641854700569466,0.021142299183912017
20.0,0.012903301473323726,0.01309314641278567,0.014349332534057506,0.017252080674166417,0.016974235509246045,0.01618240989020827,0.014822259271998985,0.0162313910254271,0.015856724387934014
25.0,0.010322641178658982,0.010474517130228535,0.011479466027246005,0.013801664539333134,0.013579388407396838,0.012945927912166614,0.01185780741759919,0.01298511282034168,0.01268537951034721
30.0,0.008602200982215818,0.008728764275190447,0.00956622168937167,0.011501387116110944,0.011316157006164031,0.010788273260138845,0.009881506181332657,0.010820927350284733,0.010571149591956009
35.0,0.0073733151276135596,0.007481797950163241,0.008199618590890002,0.00985833181380938,0.009699563148140598,0.009247091365833297,0.008469862441142277,0.009275080585958342,0.009060985364533721
40.0,0.006451650736661863,0.006546573206392835,0.007174666267028753,0.008626040337083208,0.008487117754623023,0.008091204945104135,0.0074111296359994925,0.00811569551271355,0.007928362193967007
45.0,0.005734800654810545,0.005819176183460298,0.00637748112624778,0.0076675914107406295,0.00754410467077602,0.007192182173425897,0.006587670787555105,0.0072139515668564885,0.007047433061304006
