t,15,30,45,60,75,90,105,120,135
0.01,1.7204401964431637,1.7457528550380894,1.913244337874334,2.3002774232221888,2.2632314012328063,2.157654652027769,1.9763012362665313,2.1641854700569465,2.1142299183912017
0.021,0.8192572364015065,0.8313108833514711,0.9110687323211114,1.0953702015343756,1.0777292386822885,1.0274545962036996,0.9410958267935864,1.0305645095509268,1.006776151614858
0.031,0.5549807085300528,0.5631460822703515,0.6171755928626884,0.7420249752329642,0.7300746455589697,0.6960176296863771,0.6375165278279133,0.6981243451796602,0.6820096510939361
0.042,0.40962861820075325,0.41565544167573554,0.4555343661605557,0.5476851007671878,0.5388646193411443,0.5137272981018498,0.4705479133967932,0.5152822547754634,0.503388075807429
0.052,0.33085388393137766,0.33572170289194025,0.36793160343737197,0.442361042927344,0.43523680792938585,0.41493358692841714,0.38005793005125604,0.4161895134724897,0.4065826766136927
0.063,0.27308574546716885,0.2771036277838237,0.3036895774403705,0.36512340051145853,0.3592430795607629,0.3424848654012332,0.31369860893119544,0.34352150318364233,0.335592050538286
0.073,0.23567673923878957,0.2391442267175465,0.26208826546223757,0.3151064963318067,0.3100316987990146,0.2955691304147629,0.27072619674883996,0.29646376302149957,0.2896205367659181
0.083,0.2072819513786944,0.2103316692816975,0.23051136600895591,0.2771418582195408,0.2726784820762417,0.25995839181057456,0.23810858268271462,0.2607452373562586,0.25472649619171106
0.104,0.16542694196568883,0.16786085144597013,0.18396580171868598,0.221180521463672,0.21761840396469292,0.20746679346420857,0.19002896502562802,0.20809475673624486,0.20329133830684634
0.125,0.1376352157154531,0.13966022840304715,0.15305954702994673,0.1840221938577751,0.1810585120986245,0.17261237216222153,0.15810409890132252,0.17313483760455572,0.16913839347129614
0.167,0.1030203710445008,0.1045360991040772,0.11456552921403197,0.13774116306719691,0.13552283839717402,0.12920087736693228,0.11834139139320547,0.1295919443147872,0.12660059391564082
0.208,0.08271347098284441,0.08393042572298506,0.09198290085934299,0.110590260731836,0.10880920198234646,0.10373339673210429,0.09501448251281401,0.10404737836812243,0.10164566915342317
0.25,0.06881760785772655,0.06983011420152357,0.07652977351497336,0.09201109692888755,0.09052925604931225,0.08630618608111076,0.07905204945066126,0.08656741880227786,0.08456919673564807
0.375,0.04587840523848436,0.04655340946768238,0.05101984900998224,0.061340731285925036,0.06035283736620817,0.057537457387407176,0.05270136630044084,0.05771161253485191,0.056379464490432046
0.5,0.03440880392886327,0.03491505710076179,0.03826488675748668,0.046005548464443775,0.045264628024656126,0.04315309304055538,0.03952602472533063,0.04328370940113893,0.042284598367824035
1.0,0.017204401964431636,0.017457528550380894,0.01913244337874334,0.023002774232221888,0.022632314012328063,0.02157654652027769,0.019763012362665314,0.021641854700569466,0.021142299183912017
1.5,0.01146960130962109,0.011638352366920596,0.01275496225249556,0.015335182821481259,0.015088209341552042,0.014384364346851794,0.01317534157511021,0.014427903133712977,0.014094866122608012
2.0,0.008602200982215818,0.008728764275190447,0.00956622168937167,0.011501387116110944,0.011316157006164031,0.010788273260138845,0.009881506181332657,0.010820927350284733,0.010571149591956009
3.0,0.005734800654810545,0.005819176183460298,0.00637748112624778,0.0076675914107406295,0.007544104670776021,0.007192182173425897,0.006587670787555105,0.0072139515668564885,0.007047433061304006
4.0,0.004301100491107909,0.004364382137595223,0.004783110844685835,0.005750693558055472,0.005658078503082016,0.005394136630069423,0.004940753090666329,0.005410463675142366,0.005285574795978004
5.0,0.003440880392886327,0.0034915057100761786,0.0038264886757486682,0.004600554846444378,0.004526462802465612,0.004315309304055538,0.0039526024725330625,0.004328370940113893,0.004228459836782403
10.0,0.0017204401964431635,0.0017457528550380893,0.0019132443378743341,0.002300277423222189,0.002263231401232806,0.002157654652027769,0.0019763012362665313,0.0021641854700569464,0.0021142299183912017
15.0,0.001146960130962109,0.0011638352366920596,0.001275496225249556,0.0015335182821481258,0.0015088209341552043,0.0014384364346851793,0.001317534157511021,0.0014427903133712977,0.0014094866122608012
20.0,0.0008602200982215818,0.0008728764275190447,0.0009566221689371671,0.0011501387116110945,0.001131615700616403,0.0010788273260138846,0.0009881506181332656,0.0010820927350284732,0.0010571149591956008
25.0,0.0006881760785772654,0.0006983011420152357,0.0007652977351497337,0.0009201109692888755,0.0009052925604931225,0.0008630618608111077,0.0007905204945066126,0.0008656741880227786,0.0008456919673564807
30.0,0.0005734800654810545,0.0005819176183460298,0.000637748112624778,0.0007667591410740629,0.0007544104670776021,0.0007192182173425897,0.0006587670787555105,0.0007213951566856488,0.0007047433061304006
35.0,0.000491554341840904,0.0004987865300108827,0.0005466412393926669,0.0006572221209206254,0.0006466375432093732,0.0006164727577222198,0.0005646574960761518,0.0006183387057305562,0.0006040656909689148
40.0,0.0004301100491107909,0.00043643821375952233,0.00047831108446858353,0.0005750693558055472,0.0005658078503082015,0.0005394136630069423,0.0004940753090666328,0.0005410463675142366,0.0005285574795978004
45.0,0.00038232004365403634,0.00038794507889735317,0.0004251654084165187,0.000511172760716042,0.000502940311385068,0.0004794788115617265,0.00043917805250367364,0.00048093010445709924,0.0004698288707536004
