t,15,30,45,60,75,90,105,120,135
0.01,27.34715960436328,55.09667513835278,85.50854204204626,122.07247141153124,158.04753783876174,192.34441503454494,223.75859929169982,258.1592867352093,291.76590853938325
0.021,13.288444901384477,26.772401317636852,41.550039052032126,59.31706743208342,76.79795740230267,93.46338699349864,108.72806759149897,125.44394032842072,141.77396321296115
0.031,9.101360015983039,18.336627400156132,28.457947253955926,40.62672418015497,52.59952266782273,64.01380595349816,74.46870528012424,85.91753747148397,97.10209807616086
0.042,6.763681929686135,13.626877211760089,21.148542993522387,30.19177790100607,39.08937129766342,47.5719037394155,55.341469334887734,63.84967681956274,72.16149069358644
0.052,5.489832144880326,11.06043562207089,17.16549541362162,24.505556966621285,31.727406655716752,38.61236661581376,44.918637579055094,51.824437028268356,58.570830998629866
0.063,4.519624326354543,9.105745417773544,14.131869353725536,20.17473548813267,26.1202811213541,31.788474920439697,36.98025035215832,42.665600716230415,48.21971703507866
0.073,3.8961988485480874,7.849722067612007,12.182555258575755,17.391883816597232,22.517316015700377,27.403653586849277,31.879288727811993,36.780416331034054,41.56841197925934
0.083,3.420494247173921,6.891313872285198,10.695131793225896,15.268429783648358,19.7680747023992,24.05781714151853,27.98700167423745,32.28972836328556,36.493135891202506
0.104,2.7089564734653377,5.4577695432268465,8.470309964638004,12.092261735636265,15.655881888196552,19.053263877525303,22.165091907682953,25.572757138366878,28.901763770309486
0.125,2.237027947858156,4.506969056446053,6.9946934561402045,9.985663380124524,12.928463663153847,15.733986208134526,18.303701277600418,21.117715615834854,23.86677450519174
0.167,1.6490099704777856,3.322281654026812,5.156090812658135,7.360863994312666,9.530129252033934,11.59820115676934,13.492449181204375,15.566780753708386,17.59323085788363
0.208,1.3067663628333437,2.6327590439508786,4.085970466111537,5.833154220633293,7.552199539705453,9.191053670008793,10.692160179678963,12.335974815636588,13.941845537769986
0.25,1.0763963689947804,2.1686296463909756,3.365654258199847,4.804826785763394,6.220821405930037,7.570761751307287,8.807238020087297,10.16126438300105,11.484035969064491
0.375,0.6970832530277764,1.404422619829581,2.1796257275224176,3.1116458421193203,4.028655750855254,4.902888361122984,5.703640690432445,6.5805194396860704,7.4371573351547475
0.5,0.5144743082806656,1.0365180238259906,1.608647795808051,2.296514563053141,2.9733032198373506,3.618520581594812,4.209506663868691,4.856676978187372,5.488908762273414
1.0,0.2466384480405699,0.4969056620472804,0.7711840793914561,1.1009466918316868,1.4253984696445778,1.734715001473951,2.018033114350617,2.3282858896056444,2.6313771490118087
1.5,0.16802997035255218,0.3385321482727041,0.5253926913097973,0.750053535683087,0.9710962118751023,1.1818275397996703,1.3748466513178241,1.5862158236511017,1.7927059947365043
2.0,0.1273771122736759,0.25662831082042126,0.39828016209443023,0.568586980200708,0.7361510029968144,0.8958983859208798,1.042218813087697,1.202449721532185,1.35898204520379
3.0,0.08665749817031838,0.17458997914469507,0.27095890150043034,0.38682243863831467,0.500819990786195,0.6094997080160246,0.7090447669607239,0.8180534374157712,0.9245458779338399
4.0,0.06620850242868884,0.13339112370296352,0.2070193978229892,0.295542046664213,0.3826390361643403,0.4656730663877627,0.5417279885359945,0.625013347275363,0.7063762432225775
5.0,0.05390725924853988,0.10860765042457571,0.1685561210199615,0.2406316582304747,0.3115464172194388,0.3791530965658904,0.44107735485564914,0.5088886670055726,0.5751347013387393
10.0,0.02998443409758702,0.06041002607153812,0.09375471824983998,0.1338447585461355,0.17328914780078777,0.21089350850616498,0.2453371783868874,0.28305536047542224,0.3199028997192788
15.0,0.021941280662977975,0.044205381118068245,0.06860554979637606,0.09794166543118486,0.1268053222338899,0.1543225276513148,0.17952687953123603,0.20712737439495102,0.2340907713914818
20.0,0.017877111026780555,0.036017246138338954,0.055897786897762355,0.07979999225913208,0.10331725204112394,0.12573746278224418,0.14627322839394216,0.1687613009295291,0.19073028483571822
25.0,0.015502047490077187,0.031232175000866447,0.04847148657192054,0.0691981645051984,0.08959103880299672,0.10903261250725622,0.12684009903462307,0.1463405187548305,0.16539081336408293
30.0,0.013879492410779109,0.02796319235727568,0.043398114374554986,0.0619553900673132,0.08021380039868647,0.09762048005533153,0.11356410777740147,0.13102347420540864,0.14807982883349713
35.0,0.012759053340289178,0.02570582931218443,0.03989474829374075,0.05695396511570973,0.07373844284963296,0.08973994691356968,0.10439650570714769,0.12044644333812284,0.13612590279167305
40.0,0.011854809438559167,0.02388403746176111,0.03706737686628881,0.052917593900566204,0.06851254281680684,0.08338000800791959,0.09699784523211666,0.11191031146620309,0.12647855559560967
45.0,0.011142747386312832,0.022449436861971376,0.034840915734239954,0.04973908557379254,0.06439732003776573,0.07837176726595359,0.09117164573920875,0.10518839101162712,0.11888158996496617
