t,15,30,45,60,75,90,105,120,135
0.01,3.308612669886653,4.009089372021552,4.448616277876868,4.804614896331857,5.06289586017117,5.2592875933441965,5.4105677890050545,5.553576784861091,5.675951797664244
0.021,2.5868948531912372,3.2873715553261356,3.726898461181452,4.0828970796364406,4.341178043475754,4.53756977664878,4.688849972309638,4.831858968165675,4.954233980968828
0.031,2.2084238546617496,2.908900556796648,3.3484274626519643,3.7044260811069534,3.9627070449462667,4.159098778119294,4.310378973780151,4.4533879696361875,4.5757629824393415
0.042,1.9115674059339436,2.612044108068842,3.0515710139241583,3.4075696323791473,3.6658505962184607,3.862242329391487,4.013522525052345,4.1565315209083815,4.278906533711535
0.052,1.7028976803509863,2.4033743824858846,2.842901288341201,3.19889990679619,3.4571808706355034,3.65357260380853,3.8048527994693875,3.947861795325424,4.070236808128578
0.063,1.5084288767516345,2.2089055788865326,2.648432484741849,3.0044311031968385,3.2627120670361514,3.459103800209178,3.610383995870036,3.753392991726072,3.8757680045292258
0.073,1.3600014236328886,2.0604781257677867,2.500005031623103,2.8560036500780925,3.1142846139174054,3.3106763470904323,3.46195654275129,3.6049655386073263,3.7273405514104803
0.083,1.2297850573504998,1.9302617594853981,2.3697886653407148,2.725787283795704,2.9840682476350167,3.180459980808043,3.331740176468901,3.4747491723249375,3.5971241851280915
0.104,0.9965634955930486,1.6970401977279468,2.136567103583263,2.4925657220382527,2.7508466858775655,2.947238419050592,3.0985186147114496,3.2415276105674864,3.36390262337064
0.125,0.8051481758846464,1.505624878019545,1.945151783874861,2.30115040232985,2.5594313661691634,2.75582309934219,2.9071032950030475,3.0501122908590843,3.172487303662238
0.167,0.5001750899374637,1.200651792072362,1.6401786979276785,1.996177316382668,2.254458280221981,2.4508500133950077,2.6021302090558653,2.7451392049119017,2.867514217715055
0.208,0.26755566031045314,0.9680323624453513,1.4075592683006677,1.763557886755657,2.02183885059497,2.2182305837679968,2.3695107794288544,2.5125197752848907,2.6348947880880447
0.25,0.07361876657876698,0.7740954687136652,1.2136223745689816,1.5696209930239708,1.827901956863284,2.0242936900363104,2.1755738856971685,2.318582881553205,2.440957894356359
0.375,-0.36085043055145316,0.3396262715834453,0.7791531774387616,1.135151795893751,1.3934327597330638,1.5898244929060905,1.7411046885669483,1.8841136844229847,2.006488697226138
0.5,-0.664609660269389,0.03586704186550921,0.4753939477208257,0.8313925661758148,1.089673530015128,1.2860652631881546,1.4373454588490122,1.5803544547050488,1.7027294675082025
1.0,-1.399831787831719,-0.6993550856968207,-0.25982817984150436,0.09617043861348469,0.3544514024527978,0.5508431356258245,0.7021233312866824,0.8451323271427187,0.9675073399458726
1.5,-1.7836129205336984,-1.0831362183988,-0.6436093125434835,-0.28761069408849427,-0.029329730249181365,0.16706200292384535,0.3183421985847031,0.4613511944407395,0.5837262072438932
2.0,-2.0606032044664353,-1.3601265023315368,-0.9205995964762205,-0.5646009780212312,-0.30632001418191823,-0.10992828100889142,0.04135191465196639,0.18436091050800266,0.30673592331115646
3.0,-2.445791732573392,-1.7453150304384937,-1.3057881245831773,-0.9497895061281881,-0.6915085422888751,-0.4951168091158483,-0.3438366134549907,-0.2008276175989542,-0.07845260479580042
4.0,-2.714946388807621,-2.0144696866727227,-1.5749427808174064,-1.2189441623624173,-0.9606631985231042,-0.7642714653500774,-0.6129912696892197,-0.46998227383318325,-0.34760726103002954
5.0,-2.920490130199909,-2.220013428065011,-1.7804865222096942,-1.424487903754705,-1.166206939915392,-0.9698152067423652,-0.8185350110815077,-0.6755260152254713,-0.5531510024223173
10.0,-3.5070768953899494,-2.806600193255051,-2.367073287399735,-2.0110746689447456,-1.7527937051054328,-1.556401971932406,-1.4051217762715482,-1.262112780415512,-1.1397377676123581
15.0,-3.8193854546909987,-3.1189087525561003,-2.679381846700784,-2.323383228245795,-2.065102264406482,-1.868710531233455,-1.7174303355725975,-1.5744213397165612,-1.4520463269134072
20.0,-4.02423409797494,-3.3237573958400417,-2.8842304899847253,-2.5282318715297363,-2.2699509076904234,-2.0735591745173965,-1.9222789788565386,-1.7792699830005023,-1.6568949701973485
25.0,-4.16678316764685,-3.466306465511952,-3.0267795596566356,-2.670780941201646,-2.4124999773623332,-2.2161082441893067,-2.064828048528449,-1.9218190526724124,-1.7994440398692588
30.0,-4.277342894400766,-3.576866192265867,-3.1373392864105507,-2.7813406679555617,-2.5230597041162484,-2.326667970943222,-2.1753877752823643,-2.032378779426328,-1.910003766623174
35.0,-4.36151419345019,-3.6610374913152914,-3.221510585459975,-2.865511967004986,-2.6072310031656727,-2.410839269992646,-2.2595590743317886,-2.116550078475752,-1.9941750656725983
40.0,-4.435021633945783,-3.734544931810884,-3.2950180259555677,-2.9390194075005787,-2.680738443661266,-2.484346710488239,-2.3330665148273813,-2.190057518971345,-2.067682506168191
45.0,-4.496966451342654,-3.7964897492077556,-3.356962843352439,-3.00096422489745,-2.742683261058137,-2.5462915278851104,-2.3950113322242523,-2.252002336368216,-2.1296273235650625
