t,15,30,45,60,75,90,105,120,135
0.01,14.3,10.2,11.5,9.1,7.7,6.7,7.2,7.1,6.7
0.021,19.2,14.2,15.9,13.9,12.0,9.7,10.9,10.1,8.9
0.031,22.6,17.8,20.0,17.7,15.7,13.3,14.1,12.8,11.2
0.042,25.4,20.8,23.1,21.1,18.6,16.2,17.0,15.3,13.2
0.052,27.5,24.1,26.2,23.9,21.3,18.7,19.8,17.7,15.2
0.063,29.2,25.6,28.9,26.6,23.8,21.3,22.7,19.8,16.9
0.073,30.7,27.7,31.2,28.9,25.8,23.7,24.8,21.9,18.7
0.083,32.0,29.4,33.5,31.4,27.5,26.0,26.9,23.9,20.3
0.104,34.3,32.6,36.9,34.6,30.6,30.1,30.7,27.7,23.3
0.125,36.3,35.3,39.9,37.6,33.5,33.7,34.0,31.0,26.1
0.167,39.8,39.6,44.8,42.3,38.2,39.4,39.4,36.5,31.4
0.208,42.8,42.7,49.0,45.9,41.9,43.7,43.6,40.8,36.1
0.25,45.0,45.1,51.8,48.2,45.1,47.0,46.9,43.8,39.5
0.375,49.6,49.4,57.5,52.2,52.7,53.9,54.8,50.4,46.9
0.5,52.0,51.3,60.0,54.2,57.1,57.4,58.8,54.0,50.5
1.0,58.5,64.0,72.7,68.8,70.0,70.1,71.0,69.0,65.7
1.5,72.0,75.3,82.7,78.7,80.0,79.8,81.7,78.5,75.2
2.0,79.8,83.3,90.3,85.3,87.3,87.8,89.0,84.7,81.7
3.0,94.1,95.3,102.0,96.0,99.5,99.1,99.8,95.0,93.0
4.0,104.1,104.7,111.0,104.5,108.0,107.0,107.0,103.0,101.0
5.0,111.8,112.2,117.7,110.7,114.0,112.7,112.5,108.9,106.8
10.0,138.7,137.5,141.0,132.0,135.2,133.7,128.0,125.8,122.2
15.0,157.7,155.8,156.7,146.5,147.7,147.2,137.5,136.8,132.8
20.0,172.9,171.0,169.6,158.2,157.3,157.0,146.2,145.8,141.2
25.0,186.3,184.9,181.8,168.3,165.8,165.7,154.3,153.2,149.3
30.0,198.2,197.0,191.7,176.9,172.7,173.3,162.4,159.0,156.7
35.0,209.3,206.7,200.0,186.7,179.3,179.5,170.0,164.2,163.0
40.0,219.0,214.0,208.0,194.7,185.5,186.1,177.3,169.0,167.7
45.0,226.7,219.0,215.2,202.0,191.0,190.7,182.8,173.3,170.8
