t,15,30,45,60,75,90,105,120,135
0.01,25.806602946647455,51.9928957722188,80.6915608403338,115.19572218866664,149.14419320715874,181.50901298757526,211.15353153157324,243.61631358242744,275.32976235829545
0.021,12.288858546022597,24.758521796294666,38.42455278111134,54.85510580412697,71.0210443843613,86.4328633274168,100.54930072932059,116.0077683725845,131.10941064680736
0.031,8.324710627950791,16.77190186200606,26.029535754946387,37.15991038344085,48.1110300668254,58.55129451212106,68.11404242953977,78.58590760723467,88.81605237364371
0.042,6.144429273011299,12.379260898147333,19.21227639055567,27.427552902063486,35.51052219218065,43.2164316637084,50.274650364660296,58.00388418629225,65.55470532340368
0.052,4.962808258970665,9.998633802349769,15.517607853910349,22.15302349782051,28.681575616761297,34.90557942068755,40.606448371456395,46.84929107354374,52.94803122274913
0.063,4.096286182007533,8.252840598764887,12.808184260370446,18.285035268042325,23.673681461453768,28.810954442472266,33.5164335764402,38.66925612419483,43.70313688226912
0.073,3.5351510885818436,7.122314489345041,11.053638471278605,15.780235916255705,20.430711398240923,24.86424835446237,28.925141305694968,33.37209775101746,37.71640580250624
0.083,3.109229270680416,6.264204309905878,9.721874800040217,13.879002673333328,17.969179904476952,21.86855578163557,25.44018452187629,29.351363082220168,33.17226052509584
0.104,2.4814041294853326,4.999316901174884,7.758803926955174,11.076511748910255,14.340787808380648,17.452789710343776,20.303224185728197,23.42464553677187,26.474015611374565
0.125,2.0645282357317964,4.159431661777504,6.455324867226705,9.21565777509333,11.931535456572698,14.520721039006022,16.89228252252586,19.489305086594197,22.02638098866364
0.167,1.545305565667512,3.1133470522286704,4.83182999043915,6.8979474364471045,8.930790012404715,10.8688031729087,12.643924043806782,14.587803208528591,16.486812117263202
0.208,1.2407020647426663,2.499658450587442,3.879401963477587,5.538255874455127,7.170393904190324,8.726394855171888,10.151612092864099,11.712322768385935,13.237007805687282
0.25,1.0322641178658982,2.079715830888752,3.2276624336133524,4.607828887546665,5.965767728286349,7.260360519503011,8.44614126126293,9.744652543297098,11.01319049433182
0.375,0.6881760785772654,1.3864772205925011,2.1517749557422348,3.0718859250311104,3.9771784855242327,4.8402403463353405,5.630760840841953,6.496435028864732,7.342126996221213
0.5,0.5161320589329491,1.039857915444376,1.6138312168066762,2.3039144437733325,2.9828838641431745,3.6301802597515054,4.223070630631465,4.872326271648549,5.50659524716591
1.0,0.25806602946647456,0.519928957722188,0.8069156084033381,1.1519572218866663,1.4914419320715873,1.8150901298757527,2.1115353153157326,2.4361631358242746,2.753297623582955
1.5,0.17204401964431634,0.3466193051481253,0.5379437389355587,0.7679714812577776,0.9942946213810582,1.2100600865838351,1.4076902102104882,1.624108757216183,1.8355317490553031
2.0,0.12903301473323728,0.259964478861094,0.40345780420166905,0.5759786109433331,0.7457209660357936,0.9075450649378763,1.0557676576578663,1.2180815679121373,1.3766488117914775
3.0,0.08602200982215817,0.17330965257406264,0.26897186946777935,0.3839857406288888,0.4971473106905291,0.6050300432919176,0.7038451051052441,0.8120543786080915,0.9177658745276516
4.0,0.06451650736661864,0.129982239430547,0.20172890210083452,0.28798930547166657,0.3728604830178968,0.4537725324689382,0.5278838288289331,0.6090407839560686,0.6883244058957387
5.0,0.051613205893294906,0.10398579154443759,0.1613831216806676,0.23039144437733328,0.29828838641431743,0.36301802597515054,0.42230706306314647,0.4872326271648549,0.550659524716591
10.0,0.025806602946647453,0.05199289577221879,0.0806915608403338,0.11519572218866664,0.14914419320715872,0.18150901298757527,0.21115353153157324,0.24361631358242744,0.2753297623582955
15.0,0.017204401964431636,0.03466193051481253,0.053794373893555875,0.07679714812577776,0.09942946213810583,0.12100600865838351,0.14076902102104882,0.16241087572161828,0.1835531749055303
20.0,0.012903301473323726,0.025996447886109397,0.0403457804201669,0.05759786109433332,0.07457209660357936,0.09075450649378763,0.10557676576578662,0.12180815679121372,0.13766488117914774
25.0,0.010322641178658982,0.020797158308887516,0.03227662433613352,0.04607828887546665,0.05965767728286349,0.0726036051950301,0.0844614126126293,0.09744652543297097,0.11013190494331818
30.0,0.008602200982215818,0.017330965257406267,0.026897186946777937,0.03839857406288888,0.049714731069052914,0.060503004329191756,0.07038451051052441,0.08120543786080914,0.09177658745276515
35.0,0.0073733151276135596,0.0148551130777768,0.023054731668666804,0.03291306348247618,0.04261262663061678,0.051859717996450075,0.06032958043759235,0.0696046610235507,0.07866564638808442
40.0,0.006451650736661863,0.012998223943054698,0.02017289021008345,0.02879893054716666,0.03728604830178968,0.04537725324689382,0.05278838288289331,0.06090407839560686,0.06883244058957387
45.0,0.005734800654810545,0.011553976838270842,0.017931457964518623,0.025599049375259253,0.033143154046035274,0.04033533621946117,0.04692300700701628,0.05413695857387277,0.06118439163517678
