t,15,30,45,60,75,90,105,120,135
0.01,0.321,0.381,0.376,0.413,0.375,0.372,0.363,0.385,0.379
0.021,0.306,0.372,0.364,0.402,0.36,0.362,0.353,0.377,0.375
0.031,0.298,0.366,0.354,0.393,0.349,0.352,0.345,0.37,0.37
0.042,0.291,0.36,0.347,0.385,0.34,0.344,0.338,0.363,0.366
0.052,0.287,0.354,0.34,0.379,0.333,0.337,0.331,0.358,0.361
0.063,0.283,0.352,0.335,0.374,0.327,0.331,0.325,0.353,0.357
0.073,0.281,0.349,0.331,0.369,0.322,0.326,0.321,0.348,0.354
0.083,0.278,0.346,0.327,0.364,0.319,0.321,0.317,0.343,0.35
0.104,0.274,0.341,0.322,0.358,0.312,0.313,0.31,0.335,0.344
0.125,0.271,0.337,0.317,0.352,0.306,0.306,0.305,0.329,0.338
0.167,0.266,0.332,0.311,0.344,0.298,0.297,0.296,0.319,0.328
0.208,0.262,0.328,0.305,0.338,0.292,0.291,0.29,0.312,0.32
0.25,0.259,0.325,0.302,0.334,0.287,0.286,0.286,0.307,0.314
0.375,0.254,0.32,0.296,0.328,0.277,0.278,0.277,0.298,0.303
0.5,0.251,0.318,0.293,0.326,0.271,0.274,0.273,0.293,0.298
1.0,0.245,0.305,0.282,0.307,0.258,0.261,0.261,0.276,0.279
1.5,0.234,0.296,0.274,0.296,0.249,0.253,0.253,0.267,0.269
2.0,0.228,0.29,0.269,0.289,0.243,0.247,0.247,0.261,0.262
3.0,0.22,0.282,0.262,0.28,0.235,0.239,0.24,0.253,0.253
4.0,0.215,0.277,0.257,0.273,0.23,0.235,0.236,0.248,0.246
5.0,0.211,0.273,0.254,0.268,0.226,0.232,0.233,0.244,0.242
10.0,0.201,0.261,0.243,0.254,0.216,0.221,0.226,0.234,0.232
15.0,0.195,0.254,0.237,0.246,0.21,0.216,0.221,0.228,0.226
20.0,0.19,0.248,0.233,0.24,0.207,0.212,0.218,0.224,0.222
25.0,0.187,0.244,0.229,0.235,0.204,0.209,0.215,0.221,0.218
30.0,0.184,0.24,0.226,0.231,0.201,0.206,0.212,0.218,0.214
35.0,0.182,0.237,0.224,0.227,0.199,0.204,0.209,0.216,0.211
40.0,0.18,0.236,0.222,0.224,0.197,0.202,0.207,0.214,0.209
45.0,0.178,0.234,0.22,0.221,0.195,0.201,0.205,0.213,0.208
