t,15,30,45,60,75,90,105,120,135
0.01,0.3194963090985523,0.3817289263064539,0.3739537574180959,0.41320487524750327,0.37223668131503146,0.37003215194276573,0.36130346944158975,0.38511405764039197,0.38196684979516266
0.021,0.306731720787405,0.368776533928247,0.3597586831794859,0.39613825801223923,0.35544492235164327,0.354023706309081,0.34664055252537995,0.3690571574288325,0.3662805884771769
0.031,0.3000312123890527,0.3619774416431368,0.35230727058140177,0.3871794879110144,0.3466304334535539,0.3456204016510376,0.33894355552504546,0.36062841753558406,0.35804640785670805
0.042,0.2948065380725392,0.3566758972340057,0.34649708399428714,0.3801939499081177,0.33975739770445074,0.33906798392233,0.33294187622682714,0.35405616686104474,0.35162586340729346
0.052,0.2911321234018196,0.35294742128043044,0.34241088961316846,0.3752811530971115,0.33492372160160466,0.3344597924117225,0.3287210086422915,0.34943402721458927,0.34711041588085706
0.063,0.2878307533700946,0.34959747853302414,0.3387395457713516,0.37086712756726214,0.3305807840567042,0.33031944715488476,0.3249286642826561,0.34528114990521713,0.3430533987830334
0.073,0.2852961197581224,0.3470255531189796,0.33592086400797655,0.36747825041488363,0.32724648485055036,0.3271406885933468,0.32201708412359015,0.34209276983464637,0.33993861558645944
0.083,0.28308739856244397,0.34478433523688734,0.3334646186061827,0.3645251274228057,0.3243409219736991,0.3243706663788342,0.31947988553998824,0.3393143632797563,0.3372243425516034
0.104,0.2792069406869538,0.34084678458618917,0.32914929042796975,0.35933684499298996,0.3192361969544121,0.3195040700249715,0.31502233234373866,0.3344330366468016,0.33245569081097365
0.125,0.2760426582487941,0.3376359463879277,0.325630397140798,0.35510610947062465,0.3150735975271154,0.31553565035125075,0.3113874630193878,0.3304526053072064,0.32856713913982105
0.167,0.27105888579543824,0.33257884820614064,0.3200881095057206,0.3484426641031938,0.3085174671040103,0.30928535473454616,0.305662512113683,0.32418339121192935,0.32244263632413317
0.208,0.26728175797208803,0.3287461478919479,0.315887691242771,0.3433925368888684,0.30354867230721955,0.30454834763822053,0.3013236560451859,0.3194320460790139,0.3178009657410902
0.25,0.26411747553392834,0.32553530969368644,0.31236879795559924,0.3391618013665031,0.2993860728799228,0.3005799279644997,0.297688786720835,0.3154516147394187,0.3139124140699376
0.375,0.25714169083148375,0.31845689099270486,0.3046112597326638,0.32983497902564757,0.2902094592321763,0.29183139119705453,0.2896755747766639,0.3066765977835911,0.30533994944567755
0.5,0.2521922928190625,0.31343467299944516,0.29910719877040054,0.32321749326238153,0.2836985482327303,0.28562420557774876,0.28399011042228217,0.30045062417163093,0.2992576890000542
1.0,0.24026711010419677,0.3013340363052039,0.2858455995852018,0.30727318515825996,0.26801102358553774,0.2706684831909978,0.27029143412372936,0.28544963360384323,0.2846029639301707
1.5,0.23329132540175218,0.2942556176042223,0.27808806136226627,0.29794636281740444,0.2588344099377912,0.26191994642355254,0.26227822217955826,0.2766746166480156,0.27603049930591067
2.0,0.22834192738933098,0.2892333996109626,0.272584000400003,0.2913288770541384,0.2523234989383452,0.2557127608042468,0.25659275782517654,0.27044864303605554,0.26994823886028724
3.0,0.2213661426868864,0.2821549809099811,0.2648264621770675,0.2820020547132829,0.2431468852905987,0.24696422403680157,0.24857954588100548,0.26167362608022793,0.2613757742360272
4.0,0.21641674467446523,0.27713276291672134,0.2593224012148043,0.27538456895001684,0.23663597429115266,0.24075703841749582,0.24289408152662376,0.2554476524682678,0.2552935137904038
5.0,0.21257769332188478,0.27323722799882016,0.25505311985395346,0.2702516482177599,0.23158571936798344,0.23594237120186481,0.23848409276335197,0.25061841215335656,0.25057574606755817
10.0,0.200652510607019,0.2611365913045789,0.24179152066875473,0.2543073401136383,0.2158981947207909,0.22098664881511382,0.22478541646479916,0.23561742158556886,0.2359210209976747
15.0,0.1936767259045744,0.2540581726035973,0.23403398244581924,0.24498051777278274,0.20672158107304436,0.2122381120476686,0.2167722045206281,0.22684240462974128,0.22734855637341467
20.0,0.18872732789215324,0.24903595461033762,0.228529921483556,0.23836303200951675,0.20021067007359836,0.20603092642836285,0.21108674016624637,0.22061643101778114,0.2212662959277913
25.0,0.1848882765395728,0.24514041969243644,0.22426064012270516,0.23323011127725973,0.19516041515042912,0.20121625921273184,0.2066767514029746,0.21578719070286995,0.21654852820494563
30.0,0.18175154318970865,0.24195753590935606,0.2207723832606205,0.22903620966866117,0.1910340564258518,0.1972823896609176,0.20307352822207528,0.21184141406195356,0.21269383130353123
35.0,0.17909947293087009,0.23926644601521108,0.21782310410703068,0.22549031638285125,0.18754526983478748,0.19395635034649233,0.2000270464309359,0.20850530744713802,0.20943473151121988
40.0,0.17680214517728746,0.23693531791609634,0.21526832229835724,0.2224187239053952,0.1845231454264058,0.19107520404161188,0.19738806386769356,0.20561544044999341,0.20661157085790782
45.0,0.17477575848726407,0.2348791172083745,0.21301484503768497,0.21970938732780565,0.1818574427781053,0.18853385289347238,0.1950603162779042,0.20306639710612598,0.2041213666792712
