t,15,30,45,60,75,90,105,120,135
0.01,0.9436666666665438,0.9436666666665438,0.9436666666665438,0.9436666666665438,0.9436666666665438,0.9436666666665438,0.9436666666665438,0.9436666666665438,0.9436666666665438
0.021,0.9247777777776137,0.9247777777776137,0.9247777777776137,0.9247777777776137,0.9247777777776137,0.9247777777776137,0.9247777777776137,0.9247777777776137,0.9247777777776137
0.031,0.9146666666664804,0.9146666666664804,0.9146666666664804,0.9146666666664804,0.9146666666664804,0.9146666666664804,0.9146666666664804,0.9146666666664804,0.9146666666664804
0.042,0.9084444444442448,0.9084444444442448,0.9084444444442448,0.9084444444442448,0.9084444444442448,0.9084444444442448,0.9084444444442448,0.9084444444442448,0.9084444444442448
0.052,0.9039999999997905,0.9039999999997905,0.9039999999997905,0.9039999999997905,0.9039999999997905,0.9039999999997905,0.9039999999997905,0.9039999999997905,0.9039999999997905
0.063,0.9063333335298538,0.9063333335298538,0.9063333335298538,0.9063333335298538,0.9063333335298538,0.9063333335298538,0.9063333335298538,0.9063333335298538,0.9063333335298538
0.073,0.9073333333331312,0.9073333333331312,0.9073333333331312,0.9073333333331312,0.9073333333331312,0.9073333333331312,0.9073333333331312,0.9073333333331312,0.9073333333331312
0.083,0.9089999999998016,0.9089999999998016,0.9089999999998016,0.9089999999998016,0.9089999999998016,0.9089999999998016,0.9089999999998016,0.9089999999998016,0.9089999999998016
0.104,0.9159999999228793,0.9159999999228793,0.9159999999228793,0.9159999999228793,0.9159999999228793,0.9159999999228793,0.9159999999228793,0.9159999999228793,0.9159999999228793
0.125,0.9228888882271142,0.9228888882271142,0.9228888882271142,0.9228888882271142,0.9228888882271142,0.9228888882271142,0.9228888882271142,0.9228888882271142,0.9228888882271142
0.167,0.937111111110974,0.937111111110974,0.937111111110974,0.937111111110974,0.937111111110974,0.937111111110974,0.937111111110974,0.937111111110974,0.937111111110974
0.208,0.9494444454879937,0.9494444454879937,0.9494444454879937,0.9494444454879937,0.9494444454879937,0.9494444454879937,0.9494444454879937,0.9494444454879937,0.9494444454879937
0.25,0.9589999999999106,0.9589999999999106,0.9589999999999106,0.9589999999999106,0.9589999999999106,0.9589999999999106,0.9589999999999106,0.9589999999999106,0.9589999999999106
0.375,0.9872222228667483,0.9872222228667483,0.9872222228667483,0.9872222228667483,0.9872222228667483,0.9872222228667483,0.9872222228667483,0.9872222228667483,0.9872222228667483
0.5,1.0032222224231635,1.0032222224231635,1.0032222224231635,1.0032222224231635,1.0032222224231635,1.0032222224231635,1.0032222224231635,1.0032222224231635,1.0032222224231635
1.0,1.0463333333334344,1.0463333333334344,1.0463333333334344,1.0463333333334344,1.0463333333334344,1.0463333333334344,1.0463333333334344,1.0463333333334344,1.0463333333334344
1.5,1.023888888888941,1.023888888888941,1.023888888888941,1.023888888888941,1.023888888888941,1.023888888888941,1.023888888888941,1.023888888888941,1.023888888888941
2.0,1.013000000000028,1.013000000000028,1.013000000000028,1.013000000000028,1.013000000000028,1.013000000000028,1.013000000000028,1.013000000000028,1.013000000000028
3.0,0.9926666663407335,0.9926666663407335,0.9926666663407335,0.9926666663407335,0.9926666663407335,0.9926666663407335,0.9926666663407335,0.9926666663407335,0.9926666663407335
4.0,0.9744444444443884,0.9744444444443884,0.9744444444443884,0.9744444444443884,0.9744444444443884,0.9744444444443884,0.9744444444443884,0.9744444444443884,0.9744444444443884
5.0,0.957444444640225,0.957444444640225,0.957444444640225,0.957444444640225,0.957444444640225,0.957444444640225,0.957444444640225,0.957444444640225,0.957444444640225
10.0,0.8606666666663629,0.8606666666663629,0.8606666666663629,0.8606666666663629,0.8606666666663629,0.8606666666663629,0.8606666666663629,0.8606666666663629,0.8606666666663629
15.0,0.7841111113199977,0.7841111113199977,0.7841111113199977,0.7841111113199977,0.7841111113199977,0.7841111113199977,0.7841111113199977,0.7841111113199977,0.7841111113199977
20.0,0.7217777779639069,0.7217777779639069,0.7217777779639069,0.7217777779639069,0.7217777779639069,0.7217777779639069,0.7217777779639069,0.7217777779639069,0.7217777779639069
25.0,0.6658888888881597,0.6658888888881597,0.6658888888881597,0.6658888888881597,0.6658888888881597,0.6658888888881597,0.6658888888881597,0.6658888888881597,0.6658888888881597
30.0,0.6197777791596446,0.6197777791596446,0.6197777791596446,0.6197777791596446,0.6197777791596446,0.6197777791596446,0.6197777791596446,0.6197777791596446,0.6197777791596446
35.0,0.5778888864999797,0.5778888864999797,0.5778888864999797,0.5778888864999797,0.5778888864999797,0.5778888864999797,0.5778888864999797,0.5778888864999797,0.5778888864999797
40.0,0.5442222222212284,0.5442222222212284,0.5442222222212284,0.5442222222212284,0.5442222222212284,0.5442222222212284,0.5442222222212284,0.5442222222212284,0.5442222222212284
45.0,0.5146666666656083,0.5146666666656083,0.5146666666656083,0.5146666666656083,0.5146666666656083,0.5146666666656083,0.5146666666656083,0.5146666666656083,0.5146666666656083
