t,15,30,45,60,75,90,105,120,135
0.01,25.80660294721999,26.18629282552825,28.698665067677283,34.50416134814528,33.94847101849209,32.364819779634175,29.64451854392327,32.462782051107396,31.71344877627642
0.021,12.288858546295232,12.469663250251548,13.666030984608229,16.430553022926325,16.16593858023433,15.411818942682942,14.116437401868222,15.458467643384473,15.10164227441734
0.031,8.324710628135481,8.447191234041371,9.257633892799124,11.130374628433962,10.951119683384546,10.440264445043285,9.562747917394603,10.47186517777658,10.23014476654078
0.042,6.144429273147616,6.234831625125774,6.833015492304114,8.215276511463163,8.082969290117164,7.705909471341471,7.058218700934111,7.729233821692237,7.55082113720867
0.052,4.962808259080767,5.035825543370817,5.518974051476401,6.635415643874094,6.528552118940787,6.224003803775804,5.700868950754476,6.242842702136038,6.098740149283927
0.063,4.096286182098411,4.156554416750516,4.555343661536076,5.476851007642108,5.388646193411444,5.137272980894314,4.705479133956074,5.152822547794824,5.033880758139114
0.073,3.535151088660273,3.587163400757295,3.9313239818736005,4.726597444951409,4.650475481985219,4.433536956114271,4.060892951222366,4.446956445357178,4.344308051544715
0.083,3.1092292707493963,3.154975039220271,3.4576704900816004,4.1571278732705155,4.090177231143625,3.899375877064359,3.571628740231719,3.9111785603743847,3.820897442924869
0.104,2.4814041295403837,2.5179127716854084,2.7594870257382005,3.317707821937047,3.2642760594703937,3.112001901887902,2.850434475377238,3.121421351068019,3.0493700746419634
0.125,2.0645282357775994,2.09490342604226,2.2958932054141825,2.7603329078516228,2.7158776814793675,2.5891855823707344,2.3715614835138616,2.597022564088592,2.5370759021021136
0.167,1.5453055657017958,1.5680414865585777,1.7184829381842686,2.0661174459967233,2.0328425759576105,1.9380131604571362,1.775120870893609,1.9438791647369698,1.899008908759067
0.208,1.2407020647701918,1.2589563858427042,1.3797435128691002,1.6588539109685234,1.6321380297351968,1.556000950943951,1.425217237688619,1.5607106755340094,1.5246850373209817
0.25,1.0322641178887997,1.04745171302113,1.1479466027070913,1.3801664539258114,1.3579388407396837,1.2945927911853672,1.1857807417569308,1.298511282044296,1.2685379510510568
0.375,0.688176078592533,0.6983011420140867,0.7652977351380609,0.9201109692838743,0.9052925604931226,0.8630618607902447,0.7905204945046205,0.8656741880295307,0.8456919673673712
0.5,0.5161320589443998,0.523725856510565,0.5739733013535456,0.6900832269629057,0.6789694203698419,0.6472963955926836,0.5928903708784654,0.649255641022148,0.6342689755255284
1.0,0.2580660294721999,0.2618629282552825,0.2869866506767728,0.34504161348145285,0.33948471018492093,0.3236481977963418,0.2964451854392327,0.324627820511074,0.3171344877627642
1.5,0.17204401964813326,0.17457528550352167,0.19132443378451522,0.23002774232096856,0.22632314012328064,0.21576546519756118,0.19763012362615512,0.21641854700738267,0.2114229918418428
2.0,0.12903301473609996,0.13093146412764126,0.1434933253383864,0.17252080674072642,0.16974235509246047,0.1618240988981709,0.14822259271961635,0.162313910255537,0.1585672438813821
3.0,0.08602200982406663,0.08728764275176083,0.09566221689225761,0.11501387116048428,0.11316157006164032,0.10788273259878059,0.09881506181307756,0.10820927350369133,0.1057114959209214
4.0,0.06451650736804998,0.06546573206382063,0.0717466626691932,0.08626040337036321,0.08487117754623023,0.08091204944908545,0.07411129635980818,0.0811569551277685,0.07928362194069105
5.0,0.05161320589443998,0.0523725856510565,0.057397330135354564,0.06900832269629056,0.06789694203698418,0.06472963955926835,0.05928903708784654,0.0649255641022148,0.06342689755255283
10.0,0.02580660294721999,0.02618629282552825,0.028698665067677282,0.03450416134814528,0.03394847101849209,0.03236481977963417,0.02964451854392327,0.0324627820511074,0.031713448776276416
15.0,0.017204401964813328,0.017457528550352167,0.019132443378451523,0.023002774232096856,0.022632314012328063,0.02157654651975612,0.019763012362615514,0.021641854700738265,0.02114229918418428
20.0,0.012903301473609996,0.013093146412764125,0.014349332533838641,0.01725208067407264,0.016974235509246045,0.016182409889817086,0.014822259271961635,0.0162313910255537,0.015856724388138208
25.0,0.010322641178887995,0.010474517130211301,0.011479466027070914,0.013801664539258114,0.013579388407396838,0.012945927911853672,0.011857807417569309,0.01298511282044296,0.012685379510510568
30.0,0.008602200982406664,0.008728764275176083,0.009566221689225761,0.011501387116048428,0.011316157006164031,0.01078827325987806,0.009881506181307757,0.010820927350369132,0.01057114959209214
35.0,0.007373315127777141,0.007481797950150928,0.00819961859076494,0.009858331813755795,0.009699563148140598,0.009247091365609765,0.008469862441120935,0.009275080586030684,0.009060985364650406
40.0,0.006451650736804998,0.0065465732063820625,0.0071746662669193205,0.00862604033703632,0.008487117754623023,0.008091204944908543,0.007411129635980817,0.00811569551277685,0.007928362194069104
45.0,0.005734800654937776,0.005819176183450722,0.0063774811261505075,0.007667591410698952,0.00754410467077602,0.0071921821732520395,0.006587670787538505,0.007213951566912754,0.00704743306139476
