t,15,30,45,60,75,90,105,120,135
0.01,1.7204401964813327,1.7457528550352166,1.9132443378451522,2.3002774232096854,2.2632314012328063,2.1576546519756117,1.9763012362615513,2.1641854700738263,2.114229918418428
0.021,0.8192572364196822,0.8313108833501032,0.9110687323072153,1.0953702015284217,1.0777292386822885,1.0274545961788628,0.9410958267912148,1.0305645095589648,1.0067761516278226
0.031,0.5549807085423654,0.5631460822694248,0.617175592853275,0.7420249752289308,0.7300746455589697,0.6960176296695523,0.6375165278263069,0.6981243451851054,0.6820096511027187
0.042,0.4096286182098411,0.4156554416750516,0.45553436615360765,0.5476851007642108,0.5388646193411443,0.5137272980894314,0.4705479133956074,0.5152822547794824,0.5033880758139113
0.052,0.33085388393871784,0.3357217028913878,0.36793160343176007,0.44236104292493955,0.43523680792938585,0.41493358691838694,0.38005793005029836,0.41618951347573585,0.40658267661892844
0.063,0.2730857454732274,0.2771036277833677,0.30368957743573843,0.3651234005094739,0.3592430795607629,0.34248486539295425,0.31369860893040497,0.34352150318632163,0.3355920505426076
0.073,0.2356767392440182,0.239144226717153,0.26208826545824004,0.3151064963300939,0.3100316987990146,0.29556913040761806,0.27072619674815773,0.2964637630238119,0.28962053676964766
0.083,0.20728195138329308,0.21033166928135139,0.23051136600544003,0.2771418582180344,0.2726784820762417,0.2599583918042906,0.2381085826821146,0.2607452373582923,0.25472649619499127
0.104,0.16542694196935892,0.1678608514456939,0.18396580171588003,0.22118052146246978,0.21761840396469292,0.20746679345919347,0.19002896502514918,0.20809475673786793,0.20329133830946422
0.125,0.13763521571850662,0.13966022840281733,0.15305954702761218,0.18402219385677485,0.1810585120986245,0.17261237215804895,0.1581040989009241,0.17313483760590612,0.16913839347347423
0.167,0.10302037104678638,0.10453609910390518,0.11456552921228456,0.13774116306644824,0.13552283839717402,0.12920087736380909,0.11834139139290727,0.12959194431579799,0.12660059391727113
0.208,0.08271347098467946,0.08393042572284695,0.09198290085794002,0.11059026073123489,0.10880920198234646,0.10373339672959674,0.09501448251257459,0.10404737836893396,0.10164566915473211
0.25,0.06881760785925331,0.06983011420140867,0.07652977351380609,0.09201109692838742,0.09052925604931225,0.08630618607902447,0.07905204945046206,0.08656741880295306,0.08456919673673712
0.375,0.04587840523950221,0.04655340946760578,0.05101984900920406,0.061340731285591615,0.06035283736620817,0.057537457386016316,0.052701366300308035,0.05771161253530204,0.05637946449115808
0.5,0.034408803929626655,0.03491505710070433,0.038264886756903045,0.04600554846419371,0.045264628024656126,0.04315309303951224,0.03952602472523103,0.04328370940147653,0.04228459836836856
1.0,0.017204401964813328,0.017457528550352167,0.019132443378451523,0.023002774232096856,0.022632314012328063,0.02157654651975612,0.019763012362615514,0.021641854700738265,0.02114229918418428
1.5,0.011469601309875552,0.011638352366901444,0.012754962252301015,0.015335182821397904,0.015088209341552042,0.014384364346504079,0.013175341575077009,0.01442790313382551,0.01409486612278952
2.0,0.008602200982406664,0.008728764275176083,0.009566221689225761,0.011501387116048428,0.011316157006164031,0.01078827325987806,0.009881506181307757,0.010820927350369132,0.01057114959209214
3.0,0.005734800654937776,0.005819176183450722,0.0063774811261505075,0.007667591410698952,0.007544104670776021,0.0071921821732520395,0.006587670787538504,0.007213951566912755,0.00704743306139476
4.0,0.004301100491203332,0.004364382137588042,0.004783110844612881,0.005750693558024214,0.005658078503082016,0.00539413662993903,0.0049407530906538785,0.005410463675184566,0.00528557479604607
5.0,0.0034408803929626653,0.0034915057100704332,0.0038264886756903043,0.004600554846419371,0.004526462802465612,0.004315309303951223,0.003952602472523103,0.004328370940147653,0.004228459836836855
10.0,0.0017204401964813327,0.0017457528550352166,0.0019132443378451522,0.0023002774232096855,0.002263231401232806,0.0021576546519756117,0.0019763012362615513,0.0021641854700738265,0.0021142299184184277
15.0,0.0011469601309875553,0.0011638352366901445,0.0012754962252301016,0.0015335182821397905,0.0015088209341552043,0.0014384364346504079,0.0013175341575077009,0.001442790313382551,0.0014094866122789519
20.0,0.0008602200982406663,0.0008728764275176083,0.0009566221689225761,0.0011501387116048427,0.001131615700616403,0.0010788273259878058,0.0009881506181307757,0.0010820927350369133,0.0010571149592092139
25.0,0.0006881760785925331,0.0006983011420140867,0.000765297735138061,0.0009201109692838742,0.0009052925604931225,0.0008630618607902448,0.0007905204945046206,0.0008656741880295306,0.0008456919673673712
30.0,0.0005734800654937776,0.0005819176183450722,0.0006377481126150508,0.0007667591410698952,0.0007544104670776021,0.0007192182173252039,0.0006587670787538504,0.0007213951566912755,0.0007047433061394759
35.0,0.0004915543418518094,0.0004987865300100619,0.0005466412393843293,0.000657222120917053,0.0006466375432093732,0.0006164727577073176,0.000564657496074729,0.000618338705735379,0.0006040656909766937
40.0,0.00043011004912033317,0.00043643821375880415,0.00047831108446128804,0.0005750693558024214,0.0005658078503082015,0.0005394136629939029,0.0004940753090653878,0.0005410463675184566,0.0005285574796046069
45.0,0.0003823200436625184,0.0003879450788967148,0.00042516540841003385,0.0005111727607132635,0.000502940311385068,0.000479478811550136,0.000439178052502567,0.0004809301044608503,0.0004698288707596506
