t,15,30,45,60,75,90,105,120,135
0.01,27.347159604969995,55.096675138913824,85.50854204214345,122.07247141142969,158.0475378386602,192.34441503361433,223.75859929069006,258.15928673446786,291.7659085390746
0.021,13.288444901679288,26.772401317909473,41.55003905207935,59.31706743203407,76.79795740225332,93.46338699304643,108.72806759100828,125.44394032806042,141.77396321281114
0.031,9.101360016184959,18.33662740034286,28.457947253988277,40.62672418012117,52.59952266778893,64.01380595318844,74.46870527978817,85.91753747123718,97.1020980760581
0.042,6.763681929836191,13.62687721189885,21.14854299354642,30.191777900980952,39.089371297638294,47.57190373918532,55.341469334637985,63.84967681937935,72.16149069351009
0.052,5.489832145002121,11.060435622183519,17.16549541364113,24.505556966600896,31.727406655696363,38.61236661562695,44.91863757885238,51.82443702811951,58.5708309985679
0.063,4.519624326454814,9.105745417866268,14.131869353741598,20.174735488115886,26.120281121337314,31.788474920285893,36.98025035199143,42.665600716107875,48.21971703502764
0.073,3.8961988486345267,7.849722067691941,12.1825552585896,17.391883816582762,22.51731601568591,27.403653586716686,31.879288727668122,36.78041633092841,41.568411979215355
0.083,3.4204942472498074,6.891313872355373,10.695131793238051,15.268429783635655,19.7680747023865,24.05781714140213,27.987001674111152,32.28972836319282,36.49313589116389
0.104,2.7089564735254372,5.4577695432824225,8.47030996464763,12.092261735626204,15.65588188818649,19.053263877433118,22.165091907582926,25.57275713829343,28.901763770278908
0.125,2.237027947907786,4.506969056491947,6.994693456148155,9.98566338011622,12.928463663145541,15.733986208058402,18.303701277517817,21.117715615774202,23.86677450516649
0.167,1.64900997051437,3.322281654060643,5.1560908126639955,7.360863994306541,9.530129252027809,11.598201156713221,13.492449181143483,15.566780753663673,17.593230857865017
0.208,1.306766362862335,2.632759043977688,4.085970466116181,5.83315422062844,7.552199539700599,9.191053669964324,10.69216017963071,12.335974815601157,13.941845537755235
0.25,1.076396369018661,2.1686296464130588,3.3656542582036724,4.804826785759397,6.22082140592604,7.570761751270658,8.807238020047553,10.161264382971867,11.484035969052341
0.375,0.6970832530432417,1.4044226198438825,2.1796257275248956,3.111645842116732,4.028655750852665,4.9028883610992615,5.703640690406705,6.58051943966717,7.437157335146879
0.5,0.5144743082920795,1.0365180238365455,1.6086477958098793,2.296514563051231,2.97330321983544,3.618520581577305,4.2095066638496945,4.856676978173423,5.488908762267607
1.0,0.24663844804604174,0.4969056620523404,0.7711840793923326,1.100946691830771,1.4253984696436621,1.7347150014655583,2.01803311434151,2.3282858895989578,2.6313771490090248
1.5,0.16802997035628003,0.33853214827615147,0.5253926913103945,0.750053535682463,0.9710962118744784,1.1818275397939522,1.3748466513116195,1.5862158236465458,1.7927059947346076
2.0,0.12737711227650186,0.25662831082303456,0.39828016209488293,0.568586980200235,0.7361510029963414,0.8958983859165452,1.0422188130829937,1.2024497215287318,1.3589820452023522
3.0,0.08665749817224094,0.17458997914647295,0.2709589015007383,0.3868224386379929,0.5008199907858732,0.6094997080130756,0.7090447669575242,0.8180534374134216,0.9245458779328617
4.0,0.06620850243015772,0.13339112370432185,0.20701939782322448,0.2955420466639672,0.3826390361640945,0.46567306638550965,0.5417279885335498,0.6250133472735679,0.7063762432218302
5.0,0.053907259249735856,0.10860765042568166,0.16855612102015308,0.2406316582302745,0.31154641721923865,0.37915309656405594,0.4410773548536587,0.5088886670041111,0.5751347013381308
10.0,0.029984434098252244,0.060410026072153275,0.09375471824994655,0.13384475854602415,0.17328914780067645,0.21089350850514463,0.24533717838578026,0.2830553604746093,0.31990289971894037
15.0,0.02194128066346476,0.044205381118518385,0.06860554979645404,0.09794166543110339,0.12680532223380842,0.15432252765056814,0.17952687953042584,0.20712737439435613,0.2340907713912341
20.0,0.01787711102717717,0.03601724613870572,0.055897786897825895,0.07979999225906569,0.10331725204105757,0.12573746278163583,0.14627322839328208,0.1687613009290444,0.1907302848355164
25.0,0.015502047490421108,0.03123217500118449,0.04847148657197564,0.06919816450514085,0.08959103880293917,0.10903261250672872,0.1268400990340507,0.1463405187544102,0.16539081336390798
30.0,0.013879492411087036,0.027963192357560427,0.043398114374604314,0.06195539006726167,0.08021380039863492,0.09762048005485921,0.11356410777688898,0.13102347420503233,0.14807982883334045
35.0,0.012759053340572245,0.025705829312446193,0.03989474829378609,0.05695396511566235,0.07373844284958558,0.0897399469131355,0.10439650570667657,0.12044644333777688,0.136125902791529
40.0,0.011854809438822176,0.02388403746200432,0.037067376866330944,0.05291759390052218,0.06851254281676283,0.08338000800751617,0.09699784523167893,0.11191031146588167,0.12647855559547583
45.0,0.011142747386560042,0.02244943686219998,0.034840915734279554,0.04973908557375116,0.06439732003772435,0.07837176726557442,0.09117164573879731,0.105188391011325,0.11888158996484038
