t,15,30,45,60,75,90,105,120,135
0.01,3.3086126699088387,4.009089372031735,4.4486162778780045,4.804614896331025,5.062895860170528,5.259287593339359,5.410567789000542,5.553576784858219,5.675951797663187
0.021,2.5868948532134226,3.2873715553363185,3.7268984611825884,4.082897079635609,4.341178043475112,4.5375697766439425,4.688849972305126,4.831858968162803,4.9542339809677705
0.031,2.2084238546839354,2.908900556806831,3.348427462653101,3.7044260811061216,3.962707044945624,4.159098778114455,4.310378973775638,4.453387969633315,4.575762982438283
0.042,1.9115674059561292,2.612044108079025,3.0515710139252947,3.4075696323783156,3.6658505962178176,3.862242329386649,4.013522525047832,4.156531520905509,4.278906533710477
0.052,1.702897680373172,2.4033743824960676,2.8429012883423375,3.1988999067953583,3.457180870634861,3.6535726038036915,3.8048527994648746,3.947861795322552,4.07023680812752
0.063,1.50842887677382,2.2089055788967156,2.648432484742986,3.0044311031960067,3.2627120670355088,3.4591038002043395,3.610383995865523,3.7533929917232,3.875768004528168
0.073,1.3600014236550741,2.0604781257779696,2.50000503162424,2.8560036500772603,3.114284613916763,3.3106763470855936,3.461956542746777,3.604965538604454,3.727340551409422
0.083,1.2297850573726854,1.930261759495581,2.369788665341851,2.7257872837948716,2.984068247634374,3.180459980803205,3.3317401764643884,3.4747491723220656,3.5971241851270332
0.104,0.996563495615234,1.6970401977381298,2.1365671035843996,2.4925657220374204,2.750846685876923,2.9472384190457537,3.098518614706937,3.241527610564614,3.3639026233695817
0.125,0.8051481759068321,1.5056248780297277,1.9451517838759977,2.301150402329019,2.559431366168521,2.755823099337352,2.907103294998535,3.0501122908562124,3.17248730366118
0.167,0.5001750899596493,1.2006517920825452,1.640178697928815,1.9961773163818357,2.254458280221338,2.450850013390169,2.602130209051352,2.7451392049090293,2.8675142177139974
0.208,0.2675556603326386,0.9680323624555343,1.4075592683018043,1.763557886754825,2.021838850594327,2.2182305837631584,2.3695107794243415,2.5125197752820183,2.6348947880869864
0.25,0.07361876660095273,0.7740954687238483,1.2136223745701182,1.569620993023139,1.8279019568626413,2.0242936900314725,2.1755738856926556,2.318582881550333,2.4409578943553005
0.375,-0.3608504305292674,0.33962627159362846,0.7791531774398984,1.1351517958929191,1.3934327597324212,1.5898244929012522,1.7411046885624355,1.8841136844201125,2.0064886972250804
0.5,-0.6646096602472035,0.035867041875692236,0.47539394772196225,0.8313925661749831,1.0896735300144853,1.2860652631833165,1.4373454588444996,1.5803544547021768,1.7027294675071445
1.0,-1.3998317878095334,-0.6993550856866378,-0.25982817984036777,0.09617043861265295,0.3544514024521554,0.5508431356209864,0.7021233312821696,0.8451323271398468,0.9675073399448145
1.5,-1.7836129205115125,-1.0831362183886168,-0.6436093125423469,-0.28761069408932616,-0.029329730249823882,0.16706200291900702,0.31834219858019014,0.4613511944378673,0.5837262072428353
2.0,-2.0606032044442495,-1.3601265023213536,-0.9205995964750838,-0.564600978022063,-0.30632001418256066,-0.10992828101372962,0.041351914647453566,0.18436091050513082,0.3067359233100985
3.0,-2.4457917325512066,-1.7453150304283105,-1.3057881245820406,-0.9497895061290198,-0.6915085422895176,-0.4951168091206867,-0.3438366134595035,-0.20082761760182635,-0.07845260479685848
4.0,-2.7149463887854353,-2.01446968666254,-1.5749427808162697,-1.2189441623632489,-0.9606631985237466,-0.7642714653549156,-0.6129912696937325,-0.46998227383605523,-0.3476072610310874
5.0,-2.9204901301777233,-2.220013428054828,-1.7804865222085577,-1.424487903755537,-1.1662069399160346,-0.9698152067472036,-0.8185350110860204,-0.6755260152283432,-0.5531510024233753
10.0,-3.507076895367764,-2.806600193244868,-2.3670732873985982,-2.0110746689455774,-1.7527937051060751,-1.5564019719372442,-1.405121776276061,-1.262112780418384,-1.139737767613416
15.0,-3.819385454668813,-3.1189087525459174,-2.6793818466996475,-2.3233832282466267,-2.0651022644071246,-1.8687105312382934,-1.7174303355771103,-1.5744213397194333,-1.4520463269144654
20.0,-4.024234097952754,-3.3237573958298587,-2.884230489983589,-2.528231871530568,-2.2699509076910656,-2.0735591745222344,-1.9222789788610515,-1.7792699830033745,-1.6568949701984066
25.0,-4.166783167624665,-3.4663064655017686,-3.0267795596554987,-2.670780941202478,-2.412499977362976,-2.2161082441941446,-2.0648280485329615,-1.9218190526752845,-1.7994440398703166
30.0,-4.27734289437858,-3.576866192255684,-3.1373392864094143,-2.7813406679563935,-2.5230597041168914,-2.32666797094806,-2.175387775286877,-2.0323787794292,-1.910003766624232
35.0,-4.361514193428004,-3.6610374913051085,-3.221510585458838,-2.865511967005818,-2.6072310031663153,-2.4108392699974845,-2.2595590743363014,-2.116550078478624,-1.9941750656736565
40.0,-4.435021633923597,-3.734544931800701,-3.2950180259544313,-2.9390194075014104,-2.680738443661908,-2.484346710493077,-2.333066514831894,-2.190057518974217,-2.067682506169249
45.0,-4.496966451320469,-3.7964897491975726,-3.356962843351303,-3.000964224898282,-2.7426832610587795,-2.5462915278899483,-2.395011332228765,-2.2520023363710884,-2.1296273235661203
