t,15,30,45,60,75,90,105,120,135
0.01,-29.3,-40.2,-56.5,-69.1,-82.7,-96.7,-112.2,-127.1,-141.7
0.021,-34.2,-44.2,-60.9,-73.9,-87.0,-99.7,-115.9,-130.1,-143.9
0.031,-37.6,-47.8,-65.0,-77.7,-90.7,-103.3,-119.1,-132.8,-146.2
0.042,-40.4,-50.8,-68.1,-81.1,-93.6,-106.2,-122.0,-135.3,-148.2
0.052,-42.5,-54.1,-71.2,-83.9,-96.3,-108.7,-124.8,-137.7,-150.2
0.063,-44.2,-55.6,-73.9,-86.6,-98.8,-111.3,-127.7,-139.8,-151.9
0.073,-45.7,-57.7,-76.2,-88.9,-100.8,-113.7,-129.8,-141.9,-153.7
0.083,-47.0,-59.4,-78.5,-91.4,-102.5,-116.0,-131.9,-143.9,-155.3
0.104,-49.3,-62.6,-81.9,-94.6,-105.6,-120.1,-135.7,-147.7,-158.3
0.125,-51.3,-65.3,-84.9,-97.6,-108.5,-123.7,-139.0,-151.0,-161.1
0.167,-54.8,-69.6,-89.8,-102.3,-113.2,-129.4,-144.4,-156.5,-166.4
0.208,-57.8,-72.7,-94.0,-105.9,-116.9,-133.7,-148.6,-160.8,-171.1
0.25,-60.0,-75.1,-96.8,-108.2,-120.1,-137.0,-151.9,-163.8,-174.5
0.375,-64.6,-79.4,-102.5,-112.2,-127.7,-143.9,-159.8,-170.4,-181.9
0.5,-67.0,-81.3,-105.0,-114.2,-132.1,-147.4,-163.8,-174.0,-185.5
1.0,-73.5,-94.0,-117.7,-128.8,-145.0,-160.1,-176.0,-189.0,-200.7
1.5,-87.0,-105.3,-127.7,-138.7,-155.0,-169.8,-186.7,-198.5,-210.2
2.0,-94.8,-113.3,-135.3,-145.3,-162.3,-177.8,-194.0,-204.7,-216.7
3.0,-109.1,-125.3,-147.0,-156.0,-174.5,-189.1,-204.8,-215.0,-228.0
4.0,-119.1,-134.7,-156.0,-164.5,-183.0,-197.0,-212.0,-223.0,-236.0
5.0,-126.8,-142.2,-162.7,-170.7,-189.0,-202.7,-217.5,-228.9,-241.8
10.0,-153.7,-167.5,-186.0,-192.0,-210.2,-223.7,-233.0,-245.8,-257.2
15.0,-172.7,-185.8,-201.7,-206.5,-222.7,-237.2,-242.5,-256.8,-267.8
20.0,-187.9,-201.0,-214.6,-218.2,-232.3,-247.0,-251.2,-265.8,-276.2
25.0,-201.3,-214.9,-226.8,-228.3,-240.8,-255.7,-259.3,-273.2,-284.3
30.0,-213.2,-227.0,-236.7,-236.9,-247.7,-263.3,-267.4,-279.0,-291.7
35.0,-224.3,-236.7,-245.0,-246.7,-254.3,-269.5,-275.0,-284.2,-298.0
40.0,-234.0,-244.0,-253.0,-254.7,-260.5,-276.1,-282.3,-289.0,-302.7
45.0,-241.7,-249.0,-260.2,-262.0,-266.0,-280.7,-287.8,-293.3,-305.8
