t,15,30,45,60,75,90,105,120,135
0.01,25.80660294721999,51.99289577274824,80.69156084042552,115.19572218857081,149.1441932070629,181.5090129866971,211.15353153062034,243.61631358172775,275.3297623580042
0.021,12.288858546295232,24.75852179654678,38.42455278115501,54.85510580408133,71.02104438431566,86.4328633269986,100.54930072886683,116.00776837225129,131.10941064666864
0.031,8.324710628135481,16.771901862176854,26.029535754975978,37.15991038340994,48.111030066794484,58.55129451183777,68.11404242923237,78.58590760700895,88.81605237354972
0.042,6.144429273147616,12.37926089827339,19.212276390577504,27.427552902040667,35.51052219215783,43.2164316634993,50.27465036443341,58.003884186125646,65.55470532333432
0.052,4.962808259080767,9.998633802451584,15.517607853927984,22.153023497802078,28.681575616742865,34.90557942051867,40.606448371273146,46.849291073409184,52.94803122269311
0.063,4.096286182098411,8.252840598848927,12.808184260385003,18.285035268027112,23.673681461438555,28.810954442332868,33.51643357628894,38.669256124083766,43.70313688222288
0.073,3.535151088660273,7.122314489417567,11.053638471291167,15.780235916242576,20.430711398227796,24.864248354342067,28.92514130556443,33.37209775092161,37.716405802466326
0.083,3.1092292707493963,6.264204309969667,9.721874800051268,13.879002673321782,17.969179904465406,21.868555781529764,25.440184521761484,29.35136308213587,33.172260525060736
0.104,2.4814041295403837,4.999316901225792,7.758803926963992,11.076511748901039,14.340787808371433,17.452789710259335,20.303224185636573,23.424645536704592,26.474015611346555
0.125,2.0645282357775994,4.159431661819859,6.455324867234042,9.215657775085665,11.931535456565033,14.520721038935768,16.89228252244963,19.489305086538224,22.026380988640337
0.167,1.5453055657017958,3.1133470522603734,4.831829990444642,6.897947436441365,8.930790012398976,10.868803172856111,12.64392404374972,14.58780320848669,16.48681211724576
0.208,1.2407020647701918,2.499658450612896,3.879401963481996,5.5382558744505195,7.170393904185716,8.726394855129668,10.151612092818286,11.712322768352296,13.237007805673278
0.25,1.0322641178887997,2.0797158309099295,3.227662433617021,4.607828887542833,5.965767728282517,7.260360519467884,8.446141261224815,9.744652543269112,11.013190494320169
0.375,0.688176078592533,1.3864772206066198,2.151774955744681,3.071885925028555,3.9771784855216774,4.840240346311922,5.630760840816542,6.496435028846073,7.342126996213445
0.5,0.5161320589443998,1.0398579154549648,1.6138312168085105,2.3039144437714163,2.9828838641412583,3.630180259733942,4.2230706306124075,4.872326271634556,5.506595247160084
1.0,0.2580660294721999,0.5199289577274824,0.8069156084042552,1.1519572218857081,1.4914419320706291,1.815090129866971,2.1115353153062038,2.436163135817278,2.753297623580042
1.5,0.17204401964813326,0.34661930515165496,0.5379437389361702,0.7679714812571388,0.9942946213804194,1.2100600865779805,1.4076902102041355,1.6241087572115183,1.8355317490533611
2.0,0.12903301473609996,0.2599644788637412,0.4034578042021276,0.5759786109428541,0.7457209660353146,0.9075450649334855,1.0557676576531019,1.218081567908639,1.376648811790021
3.0,0.08602200982406663,0.17330965257582748,0.2689718694680851,0.3839857406285694,0.4971473106902097,0.6050300432889902,0.7038451051020678,0.8120543786057591,0.9177658745266806
4.0,0.06451650736804998,0.1299822394318706,0.2017289021010638,0.28798930547142704,0.3728604830176573,0.45377253246674276,0.5278838288265509,0.6090407839543195,0.6883244058950105
5.0,0.05161320589443998,0.10398579154549648,0.16138312168085103,0.2303914443771416,0.2982883864141258,0.36301802597339417,0.4223070630612407,0.4872326271634555,0.5506595247160083
10.0,0.02580660294721999,0.05199289577274824,0.08069156084042552,0.1151957221885708,0.1491441932070629,0.18150901298669708,0.21115353153062036,0.24361631358172775,0.27532976235800416
15.0,0.017204401964813328,0.034661930515165494,0.05379437389361702,0.07679714812571388,0.09942946213804194,0.12100600865779805,0.14076902102041355,0.16241087572115182,0.1835531749053361
20.0,0.012903301473609996,0.02599644788637412,0.04034578042021276,0.0575978610942854,0.07457209660353145,0.09075450649334854,0.10557676576531018,0.12180815679086388,0.13766488117900208
25.0,0.010322641178887995,0.020797158309099298,0.032276624336170213,0.04607828887542833,0.059657677282825165,0.07260360519467884,0.08446141261224815,0.09744652543269111,0.11013190494320169
30.0,0.008602200982406664,0.017330965257582747,0.02689718694680851,0.03839857406285694,0.04971473106902097,0.060503004328899025,0.07038451051020678,0.08120543786057591,0.09177658745266805
35.0,0.007373315127777141,0.01485511307792807,0.02305473166869301,0.0329130634824488,0.0426126266305894,0.051859717996199164,0.0603295804373201,0.06960466102335078,0.07866564638800118
40.0,0.006451650736804998,0.01299822394318706,0.02017289021010638,0.0287989305471427,0.037286048301765726,0.04537725324667427,0.05278838288265509,0.06090407839543194,0.06883244058950104
45.0,0.005734800654937776,0.011553976838388498,0.017931457964539006,0.025599049375237957,0.03314315404601398,0.04033533621926602,0.046923007006804525,0.05413695857371728,0.06118439163511204
