depths,z(m),theta 0,a,b,c,d,e,f,e',f'
15,15,0.374,0.23918607208879208,-0.016391956659931643,35.87791081372837,-2.458793499674586,-107.2867382869063,-25.121088282835082,,
30,30,0.389,0.3018580782115593,-0.017851367967035778,81.15662254562774,-5.136498694115487,-120.82388900291461,-25.271519698872055,1.0425469651927912,-0.021627237544971815
45,45,0.39,0.2843745086773199,-0.01802685700417374,123.81279884793473,-7.840527243127118,-138.56314724269004,-24.472271156485927,0.8814166329897295,-0.07754158309501259
60,60,0.419,0.30742047469166256,-0.02311346847631597,169.92587004922126,-11.307547520522842,-147.2663879926065,-22.945272206021677,0.7296683624146699,-0.05365760008017636
75,75,0.386,0.2660244101536689,-0.021139290896489096,209.82953157322424,-14.47844115544479,-160.45319811513014,-22.862543154080637,0.924365896051619,0.0034195932416574
90,90,0.382,0.2692537519172849,-0.020513316761727723,250.2175943622579,-17.555438655487837,-174.99736487415507,-23.0478600032714,0.9069427913898228,-0.0414912808783986
105,105,0.373,0.26907175923796384,-0.01884637567126298,290.5783582459549,-20.382395019712515,-187.66148185682482,-21.61780472772868,0.8137809163402276,-0.06007053372445803
120,120,0.391,0.2855316322800992,-0.021703480116308287,333.40810308466365,-23.63791704610042,-199.4107923643619,-21.24574399153766,0.7916022899979254,-0.012607848013892564
135,135,0.385,0.28673590055371206,-0.022745290306401753,376.4184881710601,-27.04971058211568,-211.40955055676258,-21.2395692873119,,
