tempo (horas),0.15,0.3,0.45,0.6,0.75,0.9,1.05
1.5,0.2845345650216446,0.3168667798806942,0.32846041395946685,0.33853985214995375,0.34043366433500866,0.339054689673852,0.3367411137261211
3.0,0.2794370343991545,0.31214410183300956,0.3187647086890517,0.3295712534105146,0.3284756030888573,0.3244604157939642,0.3214654769542825
6.0,0.2705289868561827,0.3018147134288472,0.30458066173115567,0.3091768666697969,0.30739375434112326,0.30503759061337316,0.30298421668581454
12.0,0.2643807537720479,0.2978463496729402,0.29897414450145593,0.3017637729465673,0.29750810766248914,0.2941810816830622,0.29061171564497323
24.0,0.2562438433719856,0.2880924078757688,0.2908681284153681,0.2924964747236436,0.2861251625581123,0.2832613742539651,0.2793963751982964
36.0,0.2477041193527776,0.2838225458661648,0.2834281206399681,0.2838525270473593,0.2772465192822726,0.27317594745855844,0.26935679997153555
48.0,0.2477041193527776,0.28096425289197546,0.2774836297552264,0.2768112926055825,0.2701712793245691,0.26566112109427037,0.26157655495457804
72.0,0.2399748749790645,0.2709267236635216,0.2662037230190519,0.26539606931400034,0.25903511185109906,0.25498762056707786,0.25229198813308523
120.0,0.2338330866564606,0.25474252156386007,0.2526674734882148,0.2516503203226237,0.24423061712538283,0.24089667577362892,0.23886338897320045
240.0,0.2158330780680563,0.24075463351307344,0.23965999973015406,0.23911295581208597,0.2321138792101583,0.22980928944981738,0.22851917713592731
360.0,0.2047960024344868,0.2330797741633317,0.23076032879294361,0.22941548573721673,0.22222769723045674,0.2214555772256037,0.22126092098909625
480.0,0.1927366219833721,0.22325575923021196,0.22409015427444542,0.22430420217831973,0.21804720121709034,0.21518721119303238,0.21345054698044966
