t,15,30,45,60,75,90,105,120,135
0.01,0.3194963090994721,0.38172892630638466,0.3739537574173927,0.413204875247202,0.37223668131503146,0.3700321519415088,0.3613034694414697,0.3851140576407987,0.3819668497958188
0.021,0.3067317207880416,0.3687765339281991,0.3597586831789992,0.39613825801203073,0.35544492235164327,0.35402370630821106,0.3466405525252969,0.369057157429114,0.366280588477631
0.031,0.30003121238954067,0.36197744164310003,0.3523072705810287,0.38717948791085455,0.3466304334535539,0.3456204016503708,0.3389435555249818,0.3606284175357999,0.35804640785705616
0.042,0.2948065380729113,0.35667589723397775,0.3464970839940027,0.3801939499079958,0.33975739770445074,0.3390679839218216,0.3329418762267786,0.3540561668612093,0.35162586340755886
0.052,0.29113212340211014,0.35294742128040857,0.34241088961294636,0.3752811530970164,0.33492372160160466,0.3344597924113255,0.32872100864225356,0.3494340272147178,0.34711041588106434
0.063,0.28783075337031194,0.3495974785330078,0.33873954577118554,0.370867127567191,0.3305807840567042,0.33031944715458783,0.3249286642826277,0.3452811499053132,0.3430533987831884
0.073,0.28529611975828345,0.34702555311896743,0.3359208640078534,0.3674782504148309,0.32724648485055036,0.3271406885931267,0.3220170841235691,0.3420927698347176,0.33993861558657434
0.083,0.28308739856255605,0.3447843352368789,0.33346461860609705,0.364525127422769,0.3243409219736991,0.3243706663786811,0.3194798855399736,0.33931436327980585,0.3372243425516833
0.104,0.27920694068697977,0.3408467845861872,0.3291492904279499,0.35933684499298146,0.3192361969544121,0.319504070024936,0.3150223323437353,0.334433036646813,0.3324556908109922
0.125,0.27604265824874985,0.337635946387931,0.32563039714083186,0.35510610947063914,0.3150735975271154,0.31553565035131115,0.3113874630193935,0.33045260530718684,0.3285671391397895
0.167,0.2710588857952835,0.33257884820615224,0.320088109505839,0.34844266410324454,0.3085174671040103,0.3092853547347577,0.30566251211370316,0.32418339121186085,0.32244263632402276
0.208,0.26728175797184944,0.3287461478919659,0.31588769124295346,0.3433925368889466,0.30354867230721955,0.30454834763854655,0.301323656045217,0.3194320460789083,0.31780096574092
0.25,0.26411747553361953,0.32553530969370964,0.3123687979558354,0.33916180136660423,0.2993860728799228,0.3005799279649217,0.29768878672087523,0.31545161473928207,0.31391241406971737
0.375,0.2571416908310202,0.31845689099273977,0.30461125973301817,0.3298349790257994,0.2902094592321763,0.291831391197688,0.28967557477672434,0.3066765977833861,0.3053399494453469
0.5,0.25219229281848915,0.3134346729994883,0.2991071987708389,0.3232174932625694,0.2836985482327303,0.2856242055785323,0.28399011042235695,0.30045062417137736,0.29925768899964517
1.0,0.24026711010335883,0.30133403630526695,0.28584559958584244,0.30727318515853447,0.26801102358553774,0.2706684831921428,0.27029143412383866,0.28544963360347264,0.284602963929573
1.5,0.23329132540075947,0.294255617604297,0.2780880613630253,0.2979463628177296,0.2588344099377912,0.26191994642490907,0.26227822217968777,0.27667461664757664,0.27603049930520257
2.0,0.22834192738822848,0.2892333996110456,0.27258400040084596,0.29132887705449956,0.2523234989383452,0.25571276080575334,0.2565927578253204,0.2704486430355679,0.26994823885950087
3.0,0.22136614268562912,0.2821549809100757,0.2648264621780288,0.2820020547136947,0.2431468852905987,0.24696422403851961,0.24857954588116948,0.2616736260796719,0.2613757742351304
4.0,0.21641674467309815,0.27713276291682426,0.2593224012158495,0.2753845689504647,0.23663597429115266,0.2407570384193639,0.24289408152680209,0.2554476524676632,0.25529351378942866
5.0,0.21257769332043253,0.27323722799892947,0.2550531198550638,0.2702516482182356,0.23158571936798344,0.23594237120384928,0.23848409276354143,0.2506184121527143,0.2505757460665223
10.0,0.20065251060530218,0.2611365913047081,0.24179152067006732,0.2543073401142007,0.2158981947207909,0.22098664881745983,0.22478541646502315,0.23561742158480958,0.23592102099645013
15.0,0.19367672590270285,0.2540581726037382,0.23403398244725016,0.24498051777339586,0.20672158107304436,0.21223811205022608,0.21677220452087226,0.22684240462891359,0.22734855637207968
20.0,0.18872732789017185,0.24903595461048675,0.22852992148507084,0.2383630320101658,0.20021067007359836,0.20603092643107038,0.21108674016650486,0.22061643101690487,0.22126629592637798
25.0,0.18488827653750622,0.24514041969259195,0.22426064012428515,0.2332301112779367,0.19516041515042912,0.20121625921555575,0.2066767514032442,0.215787190701956,0.21654852820347156
30.0,0.1817515431875725,0.24195753590951685,0.22077238326225368,0.22903620966936095,0.1910340564258518,0.1972823896638366,0.20307352822235397,0.21184141406100884,0.21269383130200753
35.0,0.17909947292867512,0.23926644601537628,0.21782310410870886,0.22549031638357028,0.18754526983478748,0.19395635034949177,0.20002704643122227,0.2085053074461673,0.20943473150965425
40.0,0.1768021451750415,0.23693531791626538,0.2152683223000744,0.2224187239061309,0.1845231454264058,0.19107520404468092,0.19738806386798657,0.20561544044900015,0.2066115708563058
45.0,0.17477575848497315,0.23487911720854693,0.21301484503943652,0.2197093873285561,0.1818574427781053,0.18853385289660285,0.19506031627820308,0.20306639710511282,0.20412136667763708
