t,15,30,45,60,75,90,105,120,135
0.01,0.05299999999999999,0.008000000000000007,0.014000000000000012,0.006000000000000005,0.01100000000000001,0.010000000000000009,0.010000000000000009,0.006000000000000005,0.006000000000000005
0.021,0.068,0.017000000000000015,0.026000000000000023,0.01699999999999996,0.026000000000000023,0.020000000000000018,0.020000000000000018,0.014000000000000012,0.010000000000000009
0.031,0.07600000000000001,0.02300000000000002,0.03600000000000003,0.025999999999999968,0.03700000000000003,0.030000000000000027,0.028000000000000025,0.02100000000000002,0.015000000000000013
0.042,0.08300000000000002,0.029000000000000026,0.04300000000000004,0.033999999999999975,0.045999999999999985,0.038000000000000034,0.034999999999999976,0.028000000000000025,0.019000000000000017
0.052,0.08700000000000002,0.03500000000000003,0.04999999999999999,0.03999999999999998,0.05299999999999999,0.044999999999999984,0.04199999999999998,0.03300000000000003,0.02400000000000002
0.063,0.09100000000000003,0.03700000000000003,0.05499999999999999,0.044999999999999984,0.059,0.05099999999999999,0.04799999999999999,0.038000000000000034,0.028000000000000025
0.073,0.09299999999999997,0.040000000000000036,0.059,0.04999999999999999,0.064,0.055999999999999994,0.05199999999999999,0.04300000000000004,0.031000000000000028
0.083,0.09599999999999997,0.04300000000000004,0.063,0.05499999999999999,0.067,0.061,0.055999999999999994,0.04799999999999999,0.03500000000000003
0.104,0.09999999999999998,0.04799999999999999,0.068,0.061,0.07400000000000001,0.069,0.063,0.055999999999999994,0.041000000000000036
0.125,0.10299999999999998,0.05199999999999999,0.07300000000000001,0.067,0.08000000000000002,0.07600000000000001,0.068,0.062,0.046999999999999986
0.167,0.10799999999999998,0.056999999999999995,0.07900000000000001,0.07500000000000001,0.08800000000000002,0.08500000000000002,0.07700000000000001,0.07200000000000001,0.056999999999999995
0.208,0.11199999999999999,0.061,0.08500000000000002,0.08099999999999996,0.09400000000000003,0.09100000000000003,0.08300000000000002,0.07900000000000001,0.065
0.25,0.11499999999999999,0.064,0.08800000000000002,0.08499999999999996,0.09900000000000003,0.09600000000000003,0.08700000000000002,0.08400000000000002,0.07100000000000001
0.375,0.12,0.069,0.09400000000000003,0.09099999999999997,0.10899999999999999,0.10399999999999998,0.09599999999999997,0.09300000000000003,0.08200000000000002
0.5,0.123,0.07100000000000001,0.09700000000000003,0.09299999999999997,0.11499999999999999,0.10799999999999998,0.09999999999999998,0.09800000000000003,0.08700000000000002
1.0,0.129,0.08400000000000002,0.10800000000000004,0.11199999999999999,0.128,0.121,0.11199999999999999,0.11499999999999999,0.10599999999999998
1.5,0.13999999999999999,0.09300000000000003,0.11599999999999999,0.123,0.137,0.129,0.12,0.124,0.11599999999999999
2.0,0.146,0.09900000000000003,0.121,0.13,0.14300000000000002,0.135,0.126,0.13,0.123
3.0,0.154,0.10700000000000004,0.128,0.13899999999999996,0.15100000000000002,0.14300000000000002,0.133,0.138,0.132
4.0,0.159,0.11199999999999999,0.133,0.14599999999999996,0.156,0.14700000000000002,0.137,0.14300000000000002,0.139
5.0,0.163,0.11599999999999999,0.136,0.15099999999999997,0.16,0.15,0.13999999999999999,0.14700000000000002,0.14300000000000002
10.0,0.173,0.128,0.14700000000000002,0.16499999999999998,0.17,0.161,0.147,0.157,0.153
15.0,0.179,0.135,0.15300000000000002,0.173,0.17600000000000002,0.166,0.152,0.163,0.159
20.0,0.184,0.14100000000000001,0.157,0.179,0.17900000000000002,0.17,0.155,0.167,0.163
25.0,0.187,0.14500000000000002,0.161,0.184,0.18200000000000002,0.17300000000000001,0.158,0.17,0.167
30.0,0.19,0.14900000000000002,0.164,0.18799999999999997,0.185,0.17600000000000002,0.161,0.17300000000000001,0.171
35.0,0.192,0.15200000000000002,0.166,0.19199999999999998,0.187,0.17800000000000002,0.164,0.17500000000000002,0.17400000000000002
40.0,0.194,0.15300000000000002,0.168,0.19499999999999998,0.189,0.18,0.166,0.17700000000000002,0.17600000000000002
45.0,0.196,0.155,0.17,0.19799999999999998,0.191,0.181,0.168,0.17800000000000002,0.17700000000000002
