tempo (horas),0.15,0.3,0.45,0.6,0.75,0.9,1.05
1.5,0.42680184753246686,0.9506003396420827,1.4780718628176008,2.0312391128997227,2.553252482512565,3.051492207064668,3.5357816941242715
3.0,0.41915555159873175,0.9364323054990287,1.4344411891007327,1.9774275204630873,2.46356702316643,2.9201437421456777,3.3753875080199665
6.0,0.4057934802842741,0.9054441402865416,1.3706129777902005,1.8550612000187812,2.3054531575584245,2.7453383155203586,3.1813342752010527
12.0,0.3965711306580718,0.8935390490188206,1.3453836502565517,1.8105826376794039,2.2313108074686685,2.6476297351475595,3.0514230142722187
24.0,0.38436576505797837,0.8642772236273064,1.3089065778691564,1.7549788483418616,2.1459387191858426,2.549352368285686,2.9336619395821124
36.0,0.37155617902916643,0.8514676375984944,1.2754265428798564,1.7031151622841558,2.079348894617045,2.458583527127026,2.8282463997011233
48.0,0.37155617902916643,0.8428927586759264,1.2486763338985187,1.660867755633495,2.026284594934268,2.3909500898484333,2.7465538270230696
72.0,0.3599623124685968,0.8127801709905649,1.1979167535857334,1.5923764158840021,1.942763338883243,2.294888585103701,2.649065875397395
120.0,0.3507496299846909,0.7642275646915802,1.1370036306969664,1.5099019219357421,1.8317296284403712,2.1680700819626604,2.508065584218605
240.0,0.32374961710208444,0.7222639005392203,1.0784699987856934,1.434677734872516,1.7408540940761872,2.0682836050483564,2.399451359927237
360.0,0.3071940036517302,0.6992393224899951,1.0384214795682463,1.3764929144233005,1.6667077292284256,1.9931001950304332,2.3232396703855107
480.0,0.2891049329750581,0.6697672776906358,1.0084056942350044,1.3458252130699184,1.6353540091281775,1.9366849007372915,2.2412307432947216
